'!': [-0.001277103587323001, 0.030453376905285687]
	d=1.802225961139406
'?': [0.001878649384040993, 0.031078801884036982]
	d=2.2122009289315083
'.': [-0.03870872674026475, 0.006606442103920165]
	d=-1.3885080755979502
"daughter": [-0.014025905086806241, -0.0013587102978091454]
	d=-2.380467550719139
"she": [-0.022331233464811407, -0.005361074227496286]
	d=-3.198374412278663
"like": [-0.011820841511621553, -0.0004868507960707558]
	d=-2.128383331916698
"are": [0.00181118214657317, 0.024380391946908282]
	d=2.2745805315018783
"her": [-0.018257807914847102, -0.0032806536236144367]
	d=-2.81865191440918
"an": [-0.018257807914847102, -0.0032806536236144367]
	d=-2.81865191440918
"i": [-0.07746561042735768, -0.025405904978217684]
	d=-3.8730178831286204
"he": [0.0012387946812464391, 0.015109979160715412]
	d=2.3100836686062114
"you": [0.0297069859198957, 0.07839613711510743]
	d=4.351731668089613
"him": [0.0004783917063188913, 0.013145586495315987]
	d=2.1080434713452862
"will": [0.00014554656573477834, 0.025341772654554468]
	d=1.9826439680160473
"see": [-0.011820841511621553, -0.0004868507960707558]
	d=-2.128383331916698
"do": [0.004627359718431182, 0.02499326488856944]
	d=2.8506675124289154
