c-s for '!' = [-0.001277103587323001, 0.030453376905285687]
c-s for '?' = [0.001878649384040993, 0.031078801884036982]
"i": [-0.07746561042735768, -0.025405904978217684]
"she": [-0.022331233464811407, -0.005361074227496286]
"will": [0.00014554656573477834, 0.025341772654554468]
"daughter": [-0.014025905086806241, -0.0013587102978091454]
"you": [0.0297069859198957, 0.07839613711510743]
"an": [-0.018257807914847102, -0.0032806536236144367]
"see": [-0.011820841511621553, -0.0004868507960707558]
"her": [-0.018257807914847102, -0.0032806536236144367]
"him": [0.0004783917063188913, 0.013145586495315987]
"do": [0.004627359718431182, 0.02499326488856944]
"like": [-0.011820841511621553, -0.0004868507960707558]
"he": [0.0012387946812464391, 0.015109979160715412]
"are": [0.00181118214657317, 0.024380391946908282]
